1,3.5899934597776326,209.2,0.0,4.827871197770766,4.955633742299896,4.086107484276622
1,3.591950261780105,219.2,0.0,4.827466569042283,4.9488520446573565,4.095753653486589
1,3.5912958115183247,289.0,0.0,4.881532139994589,5.009740427462399,4.096512616038642
1,3.557684761281884,239.2,0.0,4.826581270467852,4.953944438555004,4.098740538368862
1,3.6358404185742317,239.2,0.0,4.79939028696385,4.922851456583792,0.0
1,3.6546762589928057,239.3,0.0,4.864604255133548,4.993361525935831,0.0
1,3.650916230366492,189.3,0.0,4.851552398167654,4.979430890706209,4.0912733261631775
1,3.592539267015707,259.3,0.0,4.857833947692006,4.987828444104734,4.084467145857668
1,3.6774869109947645,259.1,0.0,4.854032277222479,4.98396018335556,4.088212993291995
1,3.648855461085677,289.1,0.0,4.842300068802191,4.973261259637906,4.096537098701611
2,3.778090255068672,219.2,0.0,4.871939142468873,5.049108549517287,4.0934278005044895
2,3.8304774362328318,249.1,0.0,4.883054591701127,5.060395057146208,4.095386413542046
2,3.800196335078534,239.1,0.0,4.882950099565799,5.059709542583063,4.089608505081254
2,3.8559189012426422,249.1,0.0,4.8909717949319464,5.069478125107877,4.097736749187114
2,3.84970568999346,199.3,0.0,4.894174860607386,5.07251397531609,0.0
2,3.826570680628272,288.9,0.0,4.8938040107172895,5.068253991959404,4.092056771378201
2,5.584072580645161,219.3,0.0,4.8032034980070675,5.076406718728233,4.090955051544574
2,3.8371484630477437,229.3,0.0,4.875009146712477,5.044163051597457,4.100919495373144
2,3.825458115183246,289.0,0.0,4.880610627301289,5.055914729822797,0.0
2,3.8460732984293196,278.9,0.0,4.891937239711239,5.067935717340801,4.092889181919162
3,3.8179856115107915,269.1,0.0,4.898322822570917,5.074252244386921,0.0
3,3.768259162303665,249.1,0.0,4.9072827741791984,5.079099811654874,4.099670879561701
3,3.830346631785481,229.1,0.0,4.884031768596508,5.050283717339822,4.102143628521617
3,3.834640522875817,288.9,0.0,4.912594740964937,5.090459767272702,0.0
3,3.780955497382199,239.1,0.0,4.922003087448382,5.095845953125983,4.095973997453314
3,3.8338350785340314,249.3,0.0,4.8902225400103205,5.064214352569444,4.089461609103438
3,3.767931937172775,249.0,0.0,4.887544091817944,5.055498524552316,4.096708477342397
3,3.851832460732984,249.1,0.0,4.907356927166255,5.0769943026395,4.103832932266509
3,3.733224329627207,269.3,0.0,4.888567338030608,5.050822335925149,4.100258463472969
3,3.8893394375408765,269.2,0.0,4.909604366415977,5.087448399727458,4.09521503490126
4,3.8784685863874344,289.0,0.0,4.914278807281518,5.083824965607979,4.098055023805718
4,3.8525523560209423,249.2,0.0,4.902583080272859,5.062769875454245,4.093060560559948
4,3.8518324607329846,269.1,0.0,4.923276105809368,5.085098064082391,4.098422263750259
4,3.8590314136125654,288.8,0.0,4.919506705027812,5.087472882390428,4.09565572283471
4,3.8073298429319373,239.3,0.0,4.880959777634253,5.041053753400336,4.0914691874669336
4,3.9510457516339867,268.9,0.0,4.902008613516089,5.069159850489274,0.0
4,3.821975147155003,288.9,0.0,4.920039841308362,5.089602874068771,4.095239517564229
4,3.8794771241830066,308.9,0.0,4.905901372929973,5.075231550905699,0.0
4,3.832918848167539,279.1,0.0,4.914607961303364,5.078806019699241,4.105203961392799
4,3.8088293001962064,288.9,0.0,4.897419173725474,5.062525048824551,4.095141586912352
5,3.869718770438195,299.0,0.0,4.901629102926213,5.064630557839924,4.092252632681956
5,3.885274869109948,289.1,0.0,4.889485208083274,5.052438191681134,4.100968460699083
5,3.942735602094241,249.1,0.0,4.906615381273003,5.067813304025954,4.106281198563455
5,3.9277305428384564,239.1,0.0,4.911385019796083,5.079540499588324,4.097638818535237
5,3.780562827225131,239.2,0.0,4.887640772700377,5.041886163941298,4.104640860144502
5,3.9187581699346405,259.0,0.0,4.901389730200398,5.058583340086468,4.092913664582131
5,3.9151079136690647,249.2,0.0,4.9366587497906185,5.108723833847918,4.098936399672618
5,3.8302158273381295,219.4,0.0,4.880885546252357,5.03904617503684,0.0
5,3.8829842931937173,219.0,0.0,4.903914244958398,5.069551573096785,4.0964391680497325
5,3.869326357096141,249.3,0.0,4.887486802345517,5.056869553678606,4.086597137536011
6,3.8766361256544504,219.2,0.0,4.930571154262692,5.090802524554275,0.0
6,3.9085022890778287,299.0,0.0,4.923226174228534,5.081694973929636,4.100136050158121
6,3.856937172774869,288.8,0.0,4.920749328354994,5.076431201391203,4.1019967325438
6,3.9802485284499673,278.9,0.0,4.927816857675677,5.084167722889552,4.095925032127375
6,3.927992151733159,318.8,0.0,4.886237097704067,5.043697881001037,0.0
6,3.8628515369522565,299.0,0.0,4.911151177539702,5.069771917063511,4.097173647938817
6,3.915238718116416,309.1,0.0,4.9327680559408424,5.092442862973229,4.097149165275847
6,3.9024198822759972,239.3,0.0,4.920500160206364,5.077875678506401,0.0
6,3.8194371727748693,279.1,0.0,4.891768056178323,5.04448132621606,4.1052284440557685
6,3.9051047120418847,249.2,0.0,4.920587675484118,5.076161892098539,4.095876066801436
7,3.9251633986928103,308.9,0.0,4.922918327857354,5.078536710406576,0.0
7,3.9349247874427733,299.2,0.0,4.914867258283081,5.0762598227504165,4.097810197176023
7,3.8654450261780107,239.1,0.0,4.917931306551931,5.071069498200891,4.100846047384236
7,3.8546823837590045,289.0,0.0,4.908323553403327,5.060958158394505,4.101507079284411
7,3.9472204054937867,279.0,0.0,4.921777405842129,5.083433243000468,0.0
7,3.9217789404839767,279.2,0.0,4.923670128652009,5.081646008603697,0.0
7,3.947547416612165,209.4,0.0,4.918463647786632,5.073175007216265,4.10424913753699
7,3.8391361256544503,239.3,0.0,4.885784384394329,5.035838946187841,4.096904338646152
7,3.8688031393067366,288.9,0.0,4.911066312847918,5.062867806106123,4.097859162501962
7,3.9255555555555555,279.0,0.0,4.912796618923122,5.073811556453471,4.102682247106945
8,3.97187704381949,249.1,0.0,4.908261230552535,5.062818840780184,4.098789503694801
8,3.911764705882353,278.9,0.0,4.926868469512682,5.077679817202645,4.103025004388517
8,3.538591916558018,279.0,0.0,4.840259767616864,4.958277869900598,4.095631240171741
8,3.915238718116416,219.3,0.0,4.918978376160612,5.076235340087447,4.099548466246854
8,3.928449967298888,289.1,0.0,4.9160357970523325,5.066246413595908,4.0921302193671085
8,3.934270765206017,299.1,0.0,4.876677426430896,5.0286410432748205,0.0
8,3.8782722513089007,279.1,0.0,4.9260391377568595,5.078487745080637,4.104126724222143
8,3.934597776324395,299.0,0.0,4.904332363603662,5.056184039115461,0.0
8,3.8780104712041887,209.3,0.0,4.877550839201404,5.0299386244122015,4.094260211045452
8,3.8888162197514715,269.1,0.0,4.9127796188896005,5.0694046771189685,4.10331879634415
9,4.01294964028777,309.1,0.0,4.909470088056486,5.067274685440625,4.093305387189643
9,3.9009156311314586,279.1,0.0,4.917595017635706,5.0723915620012425,4.100821564721266
9,3.8954872465663835,239.3,0.0,4.893603080743438,5.03860548710339,4.104298102862929
9,4.029738562091503,289.0,0.0,4.93548823908157,5.093348721503099,4.096757442668336
9,3.89509483322433,289.1,0.0,4.917959263297726,5.066319861584816,4.100797082058297
9,3.9027486910994766,279.0,0.0,4.924263007080926,5.077875678506401,4.105106030740921
9,3.9665794637017657,299.0,0.0,4.933769411267279,5.093005964221526,4.097859162501962
9,3.9134905042567127,209.3,0.0,4.881790856214746,5.032925509294476,4.096683994679428
9,3.862630890052356,219.2,0.0,4.8902763121418165,5.041029270737366,4.099475018257946
9,3.943062827225131,249.3,0.0,4.9336036557297005,5.088133914290604,4.099940188854365
10,3.9868541530412034,209.4,0.0,4.9145308418350835,5.060884710405597,4.106770851822845
10,3.9214519293655985,229.3,0.0,4.886181183080725,5.035961359502688,0.0
10,3.9672988881621976,289.2,0.0,4.93246841953002,5.094083201392182,4.102706729769914
10,3.9540222367560496,299.0,0.0,4.926710990680698,5.080495323444133,4.093525731156367
10,3.8916884816753927,309.0,0.0,4.915658184226791,5.068033647992679,4.097663301198206
10,3.9934597776324394,239.3,0.0,4.936392034475326,5.092173553680564,4.103881897592449
10,3.856675392670157,199.2,0.0,4.894746016424947,5.047247867131609,0.0
10,3.927926749509483,299.0,0.0,4.929982028170595,5.083922896259857,4.099621914235763
10,3.8429692609548725,239.1,0.0,4.890029780840935,5.039707206937016,4.087919201336362
10,3.914453891432309,289.0,0.0,4.9324040184374995,5.091243212487725,4.102315007162403
11,3.966077275703995,199.4,0.0,4.919753910706223,5.075353964220547,4.094407107023268
11,3.973315892740353,269.0,0.0,4.932469124067084,5.085563234678811,4.100258463472969
11,3.936120182887002,219.2,0.0,4.925009480991191,5.077875678506401,4.098055023805718
11,3.9645098039215685,289.2,0.0,4.921435878611942,5.07337086852002,4.099842258202488
11,3.9345323741007197,179.3,0.0,4.86604927666375,5.013265930930001,0.0
11,4.006344015696533,219.3,0.0,4.922065641562282,5.078047057147187,0.0
11,3.9600392413342056,289.1,0.0,4.947912448409451,5.098881803334196,4.108509120893676
11,4.055359477124183,308.9,0.0,4.914279212184198,5.065144693762283,0.0
11,3.9737083060824068,309.1,0.0,4.9243255722922905,5.072220183360456,4.106893265137692
11,3.997383911052976,288.7,0.0,4.897540242015018,5.04673373120925,0.0
12,4.032308698495749,229.1,0.0,4.92060569665609,5.0741053484091045,0.0
12,3.9892670157068064,299.1,0.0,4.91895001285359,5.068449853263159,4.1028536257477315
12,3.8884892086330938,239.3,0.0,4.88739562884457,5.0385075564515125,4.0947008989789015
12,3.845484293193717,219.3,0.0,4.906609917537353,5.051924055758775,4.102363972488342
12,3.982591623036649,279.1,0.0,4.928780635215458,5.083114968381865,0.0
12,3.8715968586387435,279.0,0.0,4.92681266492975,5.07295466324954,4.107970502308348
12,3.986723348593852,289.0,0.0,4.908584052637641,5.061007123720445,0.0
12,3.906474820143885,179.3,0.0,4.89656021494697,5.043771328989945,4.109880150019966
12,3.940941792020929,308.9,0.0,4.923688782871995,5.080274979477408,0.0
12,3.966448659254415,239.2,0.0,4.921346277195659,5.070139157008052,4.108068432960225
13,3.9035994764397905,229.1,0.0,4.8762485954626325,5.021663484328525,4.098226402446504
13,3.9935251798561153,299.1,0.0,4.920278247043452,5.072293631349364,4.096830890657245
13,3.9667756703727926,318.9,0.0,4.937960157845233,5.093373204166068,0.0
13,3.9283376963350785,278.9,0.0,4.928658205877925,5.081670491266667,0.0
13,3.869391759319817,179.4,0.0,4.890796092995541,5.037601697921643,4.097467439894451
13,3.8784031413612565,319.0,0.0,4.932321840914545,5.084583928160033,4.101262252654717
13,3.979921517331589,239.2,0.0,4.905961125197679,5.059268854649613,4.109194635456821
13,3.9508496732026144,279.0,0.0,4.920912637699238,5.075133620253822,0.0
13,3.992217135382603,268.9,0.0,4.9328118653364506,5.087913570323878,4.10787257165647
13,3.9283845650752127,309.0,0.0,4.910285317500413,5.062280222194856,4.0953619308790765
14,3.9211249182472203,219.1,0.0,4.894578768503661,5.041861681278328,4.103171900366334
14,3.949280104712042,259.2,0.0,4.879241056239352,5.024625886547829,4.101776388577075
14,3.947089601046436,299.1,0.0,4.917565843396378,5.068694679892854,0.0
14,3.9151079136690647,269.2,0.0,4.928653591512258,5.078144987799065,4.099989154180304
14,3.9194244604316544,219.1,0.0,4.927673708554064,5.079246707632691,4.094578485664054
14,3.967168083714846,299.1,0.0,4.8988522021133845,5.041984094593175,4.108949808827126
14,3.9048429319371727,279.1,0.0,4.9525638599083415,5.104267989187477,4.113381170824598
14,3.8979712041884818,219.3,0.0,4.92893220981735,5.077165681280286,4.101482596621441
14,3.9590174531351003,289.0,0.0,4.9121694507502465,5.065830208325427,0.0
14,3.980117724002616,309.0,0.0,4.916528252447771,5.069722951737572,4.101507079284411
15,3.956479057591623,299.0,0.0,4.939867804617936,5.09281010291777,4.099156743639343
15,4.019228253760628,269.1,0.0,4.92924399357178,5.081597043277759,4.102339489825373
15,3.896010464355788,229.3,0.0,4.904336734935899,5.05079785326218,4.110076011323721
15,3.8456151832460734,169.5,0.0,4.890363619753414,5.038017903192124,4.1037105189516625
15,3.9448366013071894,199.4,0.0,4.886851636897805,5.02998758973814,4.100282946135938
15,3.940745585349902,318.9,0.0,4.928339688225892,5.081450147299941,4.103245348355243
15,3.9737737083060822,259.3,0.0,4.926321237574524,5.072122252708578,4.098887434346679
15,3.993394375408764,269.2,0.0,4.924087582874557,5.074888793624127,4.09974432755061
15,3.8954872465663835,219.2,0.0,4.931220284084757,5.081327733985094,4.102927073736639
15,4.010130718954248,299.1,0.0,4.927120816960413,5.079662912903171,0.0
16,4.002683246073299,209.4,0.0,4.911135236560776,5.05713886297127,4.1011153566769
16,3.920863309352518,289.0,0.0,4.906454781508568,5.051336471847509,4.105767062641097
16,3.975850785340314,229.3,0.0,4.9419376150907075,5.093495617480915,4.101433631295503
16,3.9345549738219896,268.9,0.0,4.926247801186082,5.083849448270949,4.099352604943099
16,3.960627861347286,269.1,0.0,4.892245549906804,5.03860548710339,4.100821564721266
16,3.9211249182472203,278.9,0.0,4.928054670959145,5.075966030794783,4.105693614652188
16,3.9573202614379084,318.9,0.0,4.9258682167155845,5.077214646606225,0.0
16,3.927207325049052,288.9,0.0,4.935026289377015,5.084730824137849,4.1026577644439755
16,3.9349247874427733,199.4,0.0,4.890989488419573,5.038825831070115,0.0
16,3.8888816219751474,229.3,0.0,4.85391055139505,4.997425647988762,4.100552255428602
17,4.047251308900524,298.8,0.0,4.890328770413127,5.0313831015274,4.110467733931233
17,4.006151832460733,298.8,0.0,4.930340619868186,5.079026363665965,4.106770851822845
17,3.9540876389797255,259.2,0.0,4.922048444453041,5.07248949265312,0.0
17,3.921713538260301,279.2,0.0,4.941401901463265,5.095209403888777,0.0
17,3.8714659685863877,219.2,0.0,4.890099998513993,5.032631717338843,4.105081548077952
17,3.962892670157068,239.1,0.0,4.927545846981333,5.075060172264913,4.108386707578829
17,3.989738562091503,209.2,0.0,4.924896479020064,5.074080865746135,0.0
17,4.0684313725490195,229.2,0.0,4.926152263611252,5.08154807795182,0.0
17,3.925032679738562,249.2,0.0,4.925453467603489,5.073615695149715,4.104273620199959
17,3.94107259646828,309.0,0.0,4.926583597569786,5.084485997508154,4.101041908687991
18,3.908763897972531,269.0,0.0,4.952006145006857,5.104635229132018,4.111765315068614
18,3.960300850228908,239.3,0.0,4.902048542662305,5.04901061886541,4.102119145858647
18,3.967233485938522,239.3,0.0,4.907660388534702,5.062353670183764,4.102731212432883
18,3.977777777777778,219.3,0.0,4.900903677332622,5.050920266577028,0.0
18,4.01948986265533,299.1,0.0,4.922684465287449,5.0698453650524185,4.111716349742675
18,3.97351209941138,309.0,0.0,4.934770894691363,5.084804272126758,0.0
18,3.969175392670157,259.0,0.0,4.9326715360188045,5.0910718338469385,4.098446746413228
18,3.8719895287958117,229.3,0.0,4.9334788550347595,5.081866352570422,4.101727423251137
18,3.9600392413342056,279.2,0.0,4.94318439624706,5.092565276288076,4.110492216594202
18,3.961397779229262,209.2,0.0,4.910299510307738,5.0573836896009645,0.0
19,4.009411764705883,279.0,0.0,4.9445268062029,5.09826973675996,0.0
19,4.0382603008502285,269.0,0.0,4.924098631296695,5.075794652153997,0.0
19,3.8651832460732987,239.2,0.0,4.920287154000705,5.065511933706825,4.1128180695763
19,3.9739699149771095,219.3,0.0,4.923226462448242,5.070775706245258,4.103955345581356
19,3.9775816993464055,199.5,0.0,4.879419452502081,5.023181409432632,4.108166363612104
19,3.967364290385873,249.3,0.0,4.950025098868699,5.100815933708783,4.119403905915084
19,3.929646596858639,308.3,0.0,4.916679341999284,5.061105054372322,4.108998774153065
19,3.9413342053629825,219.3,0.0,4.933212666864762,5.085440821363964,0.0
19,3.994437172774869,209.2,0.0,4.933077743133727,5.082233592514965,4.103661553625723
19,3.8474166121648135,268.9,0.0,4.914765212494262,5.05667369237485,4.113552549465385
20,4.038914323086985,209.4,0.0,4.959149013967866,5.096531467689128,0.0
20,3.975589005235602,219.4,0.0,4.954238294601378,5.088990807494534,4.177966435738028
20,3.992740353172008,289.1,0.0,4.932746007133185,5.070457431626655,0.0
20,3.9275343361674295,299.0,0.0,4.90959283762766,5.03772411123649,4.175714030744839
20,3.988416230366492,259.1,0.0,4.939520128372011,5.071632599449189,4.176350579982045
20,4.003137254901961,279.0,0.0,4.9517334460662354,5.0880849489646645,4.179851600786677
20,3.9536649214659683,298.7,0.0,4.943637702102732,5.077141198617317,4.1738533483591596
20,3.924083769633508,219.3,0.0,4.929999032242633,5.063235046050664,4.174857137540908
20,3.990516677567037,258.9,0.0,4.951988147287317,5.086248749241955,4.1800719447534025
20,3.8717931937172776,259.1,0.0,4.952168275833699,5.085563234678811,4.18154090453157
21,3.9445098039215685,259.3,0.0,4.944893054039531,5.080862563388674,4.174538862922304
21,4.0149869109947645,318.8,0.0,4.942726251655731,5.078291883776882,4.1680754398983675
21,3.908829300196207,229.3,0.0,4.927148171941035,5.060958158394505,0.0
21,3.9826570680628275,259.0,0.0,4.949011983100918,5.089896666024405,0.0
21,4.057815565729235,259.0,0.0,4.9443004630172585,5.080226014151469,0.0
21,4.027486910994765,299.0,0.0,4.954149945515243,5.0895783914058015,4.179092638234624
21,3.924083769633508,229.2,0.0,4.971044729436855,5.108062801947743,4.178627467638204
21,3.973381294964029,289.0,0.0,4.927243172359216,5.0577998948714455,4.17657092394877
21,3.943259162303665,169.4,0.0,4.924899075637576,5.054054047437118,4.181687800509386
21,3.8961387434554973,229.1,0.0,4.92502969256724,5.056918519004545,4.188861220759438
22,3.9141268803139306,249.1,0.0,4.907074966271245,5.03363550652059,4.181614352520478
22,3.9887434554973824,269.1,0.0,4.951364946466357,5.083237381696712,4.178162297041784
22,4.03839110529758,308.9,0.0,4.957424195150072,5.095454230518472,0.0
22,3.9232329842931937,199.2,0.0,4.956518579066798,5.097412843556028,4.191799140315773
22,3.999280575539568,229.3,0.0,4.956578542514751,5.093201825525282,4.180292288720127
22,4.019162851536953,229.2,0.0,4.91323851270127,5.045436150071869,0.0
22,4.041426701570681,229.3,0.0,4.94217974990929,5.074790862972249,4.175983340037503
22,3.969175392670157,289.0,0.0,4.937228531890847,5.066687101529359,4.179508843505104
22,3.9212557226945717,219.3,0.0,4.925769104687335,5.05527818058559,4.175444721452175
22,4.070399476096922,239.3,0.0,4.947898615688043,5.0805687714330405,4.185409165280744
23,3.9957460732984296,209.4,0.0,4.95527877573221,5.088941842168596,4.178847811604929
23,4.0075916230366495,239.1,0.0,4.939425049758096,5.0709226022230744,4.187563639622057
23,4.02544146500981,259.2,0.0,4.943249694023116,5.079295672958629,0.0
23,4.016732026143791,269.1,0.0,4.9618136624873435,5.099395939256555,4.183646413546943
23,3.99241334205363,298.8,0.0,4.9667971320769055,5.103876266579965,4.1854336479437135
23,3.9277959450621323,229.4,0.0,4.897574315989379,5.0284451819710645,0.0
23,4.0494771241830065,299.1,0.0,4.955762348288318,5.092589758951045,0.0
23,3.947089601046436,289.0,0.0,4.937357074118561,5.069012954511457,4.173437143088679
23,4.012426422498365,239.1,0.0,4.966172832177287,5.101966618868348,4.1826426243651955
23,3.9408109875735775,209.3,0.0,4.957651344304346,5.093960788077335,0.0
24,3.9956806282722512,239.3,0.0,4.9431253767438,5.076847406661684,4.183866757513668
24,4.0155104712041885,219.2,0.0,4.962353912831309,5.093520100143885,4.192313276238131
24,4.005951602354481,249.3,0.0,4.910640708412517,5.0402213428593745,4.179410912853227
24,4.02485284499673,279.1,0.0,4.9458434472237505,5.082845659089201,0.0
24,4.067212041884817,259.0,0.0,4.944159945503797,5.079418086273477,4.171258186084397
24,3.992871157619359,269.1,0.0,4.949245144314584,5.082233592514965,4.178847811604929
24,4.153464052287582,269.2,0.0,4.942728642617366,5.07971187822911,0.0
24,4.006017004578156,279.1,0.0,4.9376697925016835,5.0711184635268305,4.176840233241434
24,4.071026814911707,288.9,0.0,4.952819853291214,5.0895783914058015,4.1796557394829215
24,4.045127534336167,299.1,0.0,4.940781508541909,5.0743256923758295,4.176130236015319
25,3.947351209941138,199.3,0.0,4.945976716814264,5.080372910129285,4.186633298429217
25,4.02281045751634,269.1,0.0,4.952907413758232,5.087791157009032,4.181026768609211
25,3.9469587965990844,279.1,0.0,4.957578504779265,5.0917083830841445,4.190623972493238
25,4.044996729888816,209.2,0.0,4.931248097286574,5.066319861584816,4.175150929496541
25,3.9300392670157067,209.3,0.0,4.920528295412805,5.051997503747684,4.180439184697944
25,3.927992151733159,209.3,0.0,4.920535627242647,5.0565267963970335,0.0
25,4.060471204188482,288.9,0.0,4.952493728615267,5.08830529293139,4.176987129219251
25,3.992740353172008,298.9,0.0,4.939493582764745,5.073958452431287,4.177990918400997
25,3.9884816753926704,259.0,0.0,4.958076128271378,5.093079412210434,4.188028810218476
25,4.08124183006536,309.0,0.0,4.953242202173033,5.094230097369999,0.0
26,3.975523560209424,219.2,0.0,4.956035591244448,5.088427706246238,4.177207473185975
26,3.9759816753926702,279.1,0.0,4.961803357345515,5.097559739533845,4.182789520343012
26,3.9045811518324607,289.1,0.0,4.9492939342921956,5.078708089047362,4.187906396903629
26,3.9403531720078484,269.0,0.0,4.94177908498773,5.073542247160807,4.184087101480393
26,3.914911706998038,219.3,0.0,4.916890432535218,5.046807179198159,4.178725398290082
26,3.9732504905166777,189.3,0.0,4.885425743213991,5.011894901803711,4.190256732548696
26,4.025768476128189,259.2,0.0,4.942689859264842,5.0729056979236,4.183695378872883
26,4.0126880313930675,299.0,0.0,4.9491859471890125,5.0854897866899025,0.0
26,3.967364290385873,279.1,0.0,4.9119270009446705,5.047762003053967,4.1798760834496465
26,3.998822759973839,299.0,0.0,4.967025626256484,5.105075917065468,4.1826426243651955
27,3.94967277486911,219.3,0.0,4.956831742448825,5.092491828299167,4.180292288720127
27,3.93651832460733,289.0,0.0,4.960329815079383,5.095331817203625,4.185188821314019
27,4.005820797907129,309.0,0.0,4.953011167128467,5.0876442610312145,4.1865353677773385
27,3.9150425114453893,199.4,0.0,4.924669306318429,5.0548130099891715,4.184062618817424
27,4.045127534336167,249.2,0.0,4.91955407901503,5.049524754787768,4.180218840731219
27,3.9989535644211904,279.0,0.0,4.944763952332049,5.075500860198363,4.17972918747183
27,3.9538914323086987,229.3,0.0,4.967072686129908,5.102799029409309,4.1828629683319205
27,3.875016350555919,209.2,0.0,4.926621290302703,5.062476083498612,4.178700915627112
27,3.981413612565445,289.0,0.0,4.917658872835656,5.048349586965235,4.186143645169828
28,3.977450980392157,269.2,0.0,4.957680956974618,5.094009753403274,4.187049503699698
28,4.011968606932636,249.1,0.0,4.915229294260674,5.047125453816761,0.0
28,4.0747712418300654,298.9,0.0,4.943363191637009,5.078659123721423,0.0
28,3.968979057591623,179.3,0.0,4.931843772056548,5.060125747853544,4.193659822701451
28,3.927011118378025,278.9,0.0,4.947508540513176,5.080519806107103,4.188689842118651
28,4.002094240837696,249.3,0.0,4.95012057666649,5.08152359528885,4.182055040453928
28,3.990831696136215,259.0,0.0,4.905734307371286,5.031872754786789,4.188053292881445
28,3.967233485938522,229.2,0.0,4.91346095426698,5.0391685883516875,4.180243323394188
28,4.008376963350785,279.1,0.0,4.950174316752615,5.084706341474879,4.185678474573408
28,4.022614379084968,309.0,0.0,4.953068103236362,5.091022868521,0.0
29,4.0217931937172775,209.4,0.0,4.961314056585199,5.093887340088426,4.189962940593063
29,3.97351209941138,189.3,0.0,4.912332317915073,5.042449265189595,4.187783983588781
29,4.006278613472858,249.2,0.0,4.898723399928344,5.027490358115256,0.0
29,3.979986919555265,199.3,0.0,4.962707326445556,5.097388360893059,4.183352621591309
29,3.9696335078534033,229.2,0.0,4.965695315646085,5.0996407658862495,4.1865353677773385
29,4.038325703073904,318.8,0.0,4.934646095557822,5.070188122333992,0.0
29,4.058600392413342,338.9,0.0,4.949727512020244,5.085979439949292,4.187098469025637
29,3.949934554973822,229.3,0.0,4.925036966866316,5.060517470461055,0.0
29,3.9403531720078484,199.3,0.0,4.933446637218791,5.073126041890326,0.0
29,3.973381294964029,209.3,0.0,4.9649044573036445,5.099322491267646,4.1822264190947145
30,3.9161649214659686,288.8,0.0,4.910446100870779,5.036573426076925,4.192851894823459
30,3.953695225637672,229.2,0.0,4.922082006036811,5.054127495426027,4.1830833122986455
30,3.953629823413996,239.2,0.0,4.917449802939518,5.047713037728029,4.1828874509948895
30,4.031720078482668,209.2,0.0,4.950518034630318,5.083922896259857,4.188640876792713
30,3.9954188481675392,299.1,0.0,4.949944439288202,5.0818418699074535,4.185923301203102
30,4.051733158927403,259.1,0.0,4.954261560294775,5.084485997508154,4.191505348360139
30,4.044996729888816,298.9,0.0,4.95247530264257,5.091537004443358,0.0
30,4.018378024852845,289.0,0.0,4.946075143844528,5.07927119029566,0.0
30,4.002094240837696,209.4,0.0,4.927792660423992,5.061937464913284,0.0
30,4.071353826030085,229.2,0.0,4.962057887382523,5.09873490735638,0.0
31,4.047254901960784,268.9,0.0,4.936216622307522,5.069698469074602,0.0
31,3.904515706806283,249.1,0.0,4.907690567539955,5.036034807491597,4.186804677070003
31,4.070961412688032,299.1,0.0,4.966466447998655,5.103386613320576,0.0
31,3.930235602094241,279.2,0.0,4.944555465487698,5.073640177812685,4.189865009941186
31,4.054057591623037,289.1,0.0,4.940912227329324,5.073272937868143,4.185482613269652
31,3.993067364290386,299.1,0.0,4.958285395637416,5.095038025247991,0.0
31,3.8840968586387437,249.1,0.0,4.922666410592539,5.049500272124799,4.18558054392153
31,4.0581425768476125,298.9,0.0,4.932462991392187,5.066491240225603,4.183572965558035
31,4.002745098039216,249.0,0.0,4.964242566678281,5.101207656316294,0.0
31,4.084041857423152,249.1,0.0,4.948930296308064,5.085195994734269,0.0
32,3.9542838456507523,289.1,0.0,4.9646479257513665,5.096776294318823,4.1905750071673
32,4.0901896664486594,259.1,0.0,4.959929592998016,5.098465598063715,0.0
32,4.077894048397646,239.2,0.0,4.941106540311443,5.077239129269195,0.0
32,3.9888089005235603,239.1,0.0,4.951524804796492,5.083653586967193,4.185923301203102
32,3.9890706806282723,249.2,0.0,4.916423700057087,5.044677187519816,4.190648455156208
32,3.9671026814911707,249.1,0.0,4.95800753582675,5.091120799172877,0.0
32,4.012426422498365,319.1,0.0,4.952954996309829,5.0895539087428325,0.0
32,4.051209941137999,229.2,0.0,4.960184251122192,5.097045603611487,4.188959151411315
32,4.018705035971223,269.1,0.0,4.922957521436317,5.055180249933714,0.0
32,3.9800523217789405,199.4,0.0,4.938088255493209,5.072881215260631,4.172678180536626
33,4.057750163505559,279.1,0.0,4.9788671329574665,5.118614829687579,4.193610857375512
33,3.9274035317200786,279.0,0.0,4.966064333469451,5.1000569711567305,4.191529831023109
33,4.012230215827338,229.2,0.0,4.944455044853954,5.075892582805875,4.191236039067475
33,3.9797907128842382,199.4,0.0,4.922250230273016,5.057310241612056,0.0
33,3.994895287958115,219.2,0.0,4.9428768168284565,5.0745460363425545,4.177770574434273
33,4.046727748691099,239.1,0.0,4.913684734182749,5.0415189239967555,4.183499517569126
33,4.1167429692609545,308.9,0.0,4.914996156541357,5.045289254094052,0.0
33,4.034358638743456,209.3,0.0,4.930524576316846,5.060786779753719,4.193317065419879
33,3.99241334205363,279.0,0.0,4.963845970426211,5.099249043278737,4.177990918400997
33,4.042091503267974,219.1,0.0,4.968884687599917,5.1024562721277364,4.188591911466774
34,4.077370830608241,239.1,0.0,4.960724406879296,5.096702846329914,0.0
34,3.981806282722513,239.3,0.0,4.961517368437569,5.093936305414366,4.191382935045292
34,4.099869109947644,309.1,0.0,4.9631756682866195,5.097755600837601,4.192117414934375
34,4.034620418848167,229.2,0.0,4.941610351745713,5.073982935094257,0.0
34,4.064813603662524,259.2,0.0,4.933270230745321,5.064189869906474,0.0
34,3.975196335078534,229.2,0.0,4.913693867113307,5.041812715952389,4.191970518956559
34,4.051013734466972,219.3,0.0,4.92230129319794,5.0522423303773785,4.186853642395942
34,4.027879581151833,239.2,0.0,4.953596329696579,5.09462181997751,4.190256732548696
34,4.032047089601046,249.2,0.0,4.947013571201396,5.077386025247012,4.189816044615247
34,3.990392156862745,239.2,0.0,4.940923502272972,5.077361542584042,0.0
35,4.031916285153695,249.2,0.0,4.9175545067545325,5.050430613317639,0.0
35,4.041099476439791,289.1,0.0,4.959569250258811,5.09415664938109,4.195936710357611
35,4.031262262916939,309.0,0.0,4.941803039247902,5.073517764497837,4.195667401064947
35,4.063963374754742,269.0,0.0,4.96927316353905,5.106422463528789,0.0
35,4.1526797385620915,219.2,0.0,4.970374593656402,5.108503489881193,0.0
35,3.9954188481675392,219.3,0.0,4.956355051541754,5.088648050212963,4.180757459316546
35,3.9841519318925998,229.1,0.0,4.92009637939059,5.049916477395279,4.190623972493238
35,4.120130718954249,209.2,0.0,4.958841355190668,5.094670785303449,0.0
35,3.9793982995421846,229.2,0.0,4.929977368618649,5.058436444108652,4.18511537332511
35,4.081830065359477,289.1,0.0,4.9628688492595865,5.093593548132793,4.198605320621282
36,4.093267973856209,299.0,0.0,4.95306613502228,5.088035983638726,0.0
36,4.0324395029431,269.0,0.0,4.9543296762190865,5.091561487106328,0.0
36,3.972661870503597,279.0,0.0,4.9634798353238825,5.096800776981792,4.1938067186792685
36,4.135317200784827,279.0,0.0,4.963945390213246,5.101721792238653,4.197087395517175
36,3.9904575163398692,209.3,0.0,4.9634917170086625,5.096678363666944,4.2036732318559595
36,4.081437908496732,229.2,0.0,4.972780407335794,5.10730383939569,0.0
36,3.973054283845651,239.2,0.0,4.944716540190091,5.081254285996186,0.0
36,4.024722040549379,239.1,0.0,4.967680029103375,5.107989353958834,4.210920100094919
36,4.083911052975801,209.3,0.0,4.977530530074071,5.114207950353077,4.206439772771509
36,3.9670811518324607,268.9,0.0,4.9631714703431,5.095331817203625,4.205656327556486
37,4.100130975769482,279.0,0.0,4.920149336977877,5.048349586965235,4.210650790802255
37,4.014790575916231,229.2,0.0,4.9485534779415365,5.076063961446661,4.206415290108539
37,4.1397385620915035,278.9,0.0,4.961508973346428,5.094989059922052,4.20998975890208
37,4.04434270765206,179.4,0.0,4.937342486998898,5.067764338700015,4.203354957237357
37,4.011968606932636,229.2,0.0,4.978944231729342,5.11406105437526,4.202840821314998
37,4.031327665140615,289.1,0.0,4.929046274852128,5.057897825523323,4.212413542536056
37,4.077567037279268,229.3,0.0,4.939671318251312,5.071877426078884,4.203526335878143
37,4.116154349247874,288.8,0.0,4.970188405221634,5.108234180588529,4.198850147250976
37,4.1,209.2,0.0,4.974666004431436,5.106789703473331,4.214323190247674
37,3.992740353172008,309.1,0.0,4.968881729151247,5.104684194457958,4.201200482896045
38,4.07187704381949,308.9,0.0,4.9816857936035355,5.120059306802777,0.0
38,4.038783518639634,289.2,0.0,4.9652868447950596,5.100815933708783,4.199902901758663
38,4.106013071895425,249.0,0.0,4.972207801053638,5.110388654929841,0.0
38,4.064355788096796,279.1,0.0,4.944183333730391,5.073003628575479,4.2083983858090654
38,4.053534031413613,239.3,0.0,4.937633809690029,5.069429159781938,4.208937004394393
38,4.030065359477124,299.1,0.0,4.9738791988509075,5.105957292932369,4.208839073742515
38,4.050687622789784,269.2,0.0,4.965296505849204,5.095943883777862,4.210234585531775
38,4.052514696276943,259.0,0.0,4.98239394856835,5.119545170880419,0.0
38,4.070634401569653,269.0,0.0,4.97242627113178,5.110388654929841,4.205117708971158
38,4.064617396991498,229.2,0.0,4.938309560192295,5.068694679892854,0.0
39,4.031916285153695,249.2,0.0,4.96977261626851,5.103117304027912,4.210797686780072
39,4.046662303664921,239.4,0.0,4.902990857610931,5.024332094592196,4.21447008622549
39,4.0552287581699344,259.2,0.0,4.953646358132915,5.087325986412612,4.203501853215173
39,4.048562091503268,249.3,0.0,4.943301648943035,5.0751825855797605,0.0
39,4.153006535947712,239.1,0.0,4.956504525014584,5.089823218035496,0.0
39,3.951798561151079,219.1,0.0,4.961672857877118,5.094744233292357,4.203012199955785
39,4.006213211249182,269.2,0.0,4.94043614127076,5.067935717340801,4.2163062859482
39,4.0750326797385625,279.1,0.0,4.966621545438849,5.100375245775333,0.0
39,3.978235294117647,229.3,0.0,4.9295875172624175,5.057873342860353,4.203526335878143
39,4.135448005232178,288.9,0.0,4.969197473841302,5.1039252319059045,4.204040471800501
40,3.9606932635709615,298.9,0.0,4.939892703011426,5.071093980863861,0.0
40,4.0049705689993464,289.0,0.0,4.97161469247082,5.102554202779615,4.211679062646972
40,4.024525833878352,249.1,0.0,4.965754913600765,5.096825259644762,4.205166674297097
40,3.921190320470896,299.0,0.0,4.927980294262289,5.058509892097559,4.20546046625273
40,4.077109221713538,298.9,0.0,4.969379516611283,5.110633481559536,4.210283550857714
40,3.8949640287769784,229.3,0.0,4.938972785764691,5.066564688214512,4.207835284560767
40,3.979659908436887,229.3,0.0,4.933739084149121,5.0638226299619316,4.203771162507838
40,4.064551994767823,309.1,0.0,4.959405593556763,5.09053321526161,4.207614940594043
40,4.054509803921569,258.9,0.0,4.960875576452101,5.09555216117035,0.0
40,4.0995418848167535,269.0,0.0,4.939474736104869,5.076822923998714,4.208888039068454
41,4.049150326797386,209.4,0.0,4.950440169397049,5.085538752015841,0.0
41,4.092539267015707,229.2,0.0,4.936151022334543,5.067274685440625,4.213515262369682
41,4.033704188481676,249.2,0.0,4.940239530914331,5.069282263804121,4.202693925337182
41,3.9602354480052324,259.2,0.0,4.9900547812265605,5.129338236068202,0.0
41,4.1267973856209155,219.3,0.0,4.928967561830113,5.061472294316864,0.0
41,4.044473512099412,249.1,0.0,4.913177762391717,5.044016155619641,0.0
41,4.086583769633508,199.3,0.0,4.9803736014120155,5.114256915679015,4.20639080744557
41,4.086862745098039,299.0,0.0,4.978916482754262,5.114722086275435,4.21493525682191
41,3.8560497056899936,169.4,0.0,4.946656835263988,5.07337086852002,4.216575595240864
41,3.9795945062132114,219.3,0.0,4.942422167204983,5.068792610544732,4.209083900372209
42,4.079515706806283,288.9,0.0,4.973165171594825,5.104782125109835,4.223308327557465
42,3.8456151832460734,239.2,0.0,4.94557309826945,5.072881215260631,4.2169673178483755
42,4.095945062132112,259.1,0.0,4.991347478641113,5.125714801948722,4.2206152346308246
42,4.081437908496732,299.1,0.0,4.968149887676023,5.105051434402499,0.0
42,4.061176470588236,189.3,0.0,4.950769293195713,5.0839963442487655,4.213417331717804
42,4.079908376963351,229.3,0.0,4.982253911587051,5.1206468907140446,0.0
42,3.9628272251308903,279.0,0.0,4.961353167959747,5.093005964221526,4.208447351135004
42,4.033158927403532,289.0,0.0,4.984442406951366,5.117708971157709,4.2154493927442696
42,4.057946370176586,299.0,0.0,4.963353338896506,5.096751811655853,4.2176038670855815
42,4.005263157894737,249.3,0.0,4.982583291275769,5.11768448849474,4.21087113476898
