1,0.4880636604774536,109.7,0.0,0.4147802431203894,0.41537285993982653,0.1442273675530778
1,0.4880636604774536,109.6,0.0,0.4165261102590391,0.41716009433659695,0.15828041609754678
1,0.48779840848806366,109.6,0.0,0.41460038971165225,0.41520148129904033,0.16765727601484923
1,0.4883289124668435,109.7,0.0,0.4147199618686616,0.4152749292879487,0.16755934536297137
1,0.4880636604774536,99.7,0.0,0.41265820668399283,0.4132673509244531,0.15495077393370046
1,0.5078912466843502,109.7,0.0,0.41525616141103044,0.41588699586218514,0.1638134979286443
1,0.5013262599469496,109.6,0.0,0.41404647757956203,0.4146138973877733,0.18290997504482165
1,0.4946949602122016,109.7,0.0,0.4127677617302249,0.4133897642393004,0.13568291817673692
1,0.4946286472148541,109.6,0.0,0.4145026376468385,0.4151280333101319,0.13467912899498913
1,0.4881299734748011,109.6,0.0,0.4140127895651976,0.4146138973877733,0.16631072955152904
2,0.5012599469496021,109.6,0.0,0.41597112660456426,0.41657251042533,0.1705462302452453
2,0.4947612732095491,99.7,0.0,0.41467326946899297,0.4152504466249792,0.1320105187313182
2,0.4945623342175066,99.7,0.0,0.41284710309224854,0.41348769489117826,0.18131860195180685
2,0.4883289124668435,109.7,0.0,0.41644592466725777,0.41716009433659695,0.1835220416190581
2,0.49489389920424404,99.7,0.0,0.41507595082816506,0.41581354787327673,0.18371790292281376
2,0.4946286472148541,109.7,0.0,0.4157120941856799,0.4163032011326659,0.18418307351923346
2,0.6891038696537678,99.7,0.0,0.41536036929405495,0.4160338918400019,0.18406066020438616
2,0.4946949602122016,109.6,0.0,0.41631735821629284,0.4169152677069024,0.17595689876149553
2,0.488262599469496,109.7,0.0,0.41383606954767604,0.4144425187469871,0.1605817864166758
2,0.4881299734748011,99.7,0.0,0.41433181100243227,0.41493217200637633,0.16946899307458912
3,0.5012599469496021,109.7,0.0,0.4141650269197497,0.41473631070262057,0.1397225575666975
3,0.4879973474801061,109.7,0.0,0.4153831530487938,0.41598492651406294,0.16826934258908569
3,0.5014588859416446,109.7,0.0,0.41645626648178796,0.41706216368471916,0.1630545353765911
3,0.4947612732095491,99.7,0.0,0.41631890055911913,0.4169152677069024,0.17757275451747975
3,0.4879973474801061,99.7,0.0,0.4142648733237697,0.41485872401746793,0.1784296477214108
3,0.49489389920424404,99.7,0.0,0.4160235013199087,0.41662147575126884,0.17566310680586203
3,0.4947612732095491,99.7,0.0,0.4148252145901675,0.4154218252657655,0.17546724550210638
3,0.4880636604774536,99.7,0.0,0.41422876626644606,0.4148342413544984,0.1608266130463704
3,0.5013925729442971,99.7,0.0,0.41621975226816793,0.41681733705502455,0.176250690717129
3,0.481631299734748,99.7,0.0,0.4141108176282013,0.4146628627137122,0.17052174758227584
4,0.4947612732095491,99.7,0.0,0.41604999714614627,0.41664595841423835,0.1788948183178305
4,0.5014588859416446,109.7,0.0,0.4154534676464866,0.4160583745029713,0.1627117780950187
4,0.5014588859416446,109.7,0.0,0.4136529041606591,0.4142466574432314,0.17887033565486105
4,0.5013262599469496,109.7,0.0,0.41462669071563796,0.4152259639620097,0.17130519279729847
4,0.5013262599469496,109.7,0.0,0.4129362829779855,0.4135366602171171,0.1328918945982187
4,0.4945623342175066,109.6,0.0,0.4158330788040143,0.41642561444751325,0.18330169765233298
4,0.5013925729442971,99.7,0.0,0.4140597904334314,0.4146628627137122,0.16454797781772804
4,0.4881962864721486,109.7,0.0,0.4141300400903735,0.41473631070262057,0.1623445381504768
4,0.4946949602122016,109.7,0.0,0.4143822862008222,0.4149811373323152,0.1358053314915842
4,0.5013262599469496,109.6,0.0,0.4140507636691005,0.41463838005074277,0.18949581138360586
5,0.488262599469496,99.7,0.0,0.41603043374503335,0.41662147575126884,0.18379135091172213
5,0.5084993359893758,99.7,0.0,0.41567616209322705,0.41625423580672705,0.2072702246994325
5,0.49496021220159153,109.7,0.0,0.41585710688172967,0.4164011317845438,0.1835220416190581
5,0.5077586206896552,109.6,0.0,0.41281205132212184,0.41341424690226986,0.16479280444742261
5,0.49489389920424404,109.7,0.0,0.4144967605089108,0.4151035506471625,0.1594800665830502
5,0.4946949602122016,109.6,0.0,0.4162549988605463,0.41686630238096345,0.15600352844138715
5,0.49476127320954905,99.7,0.0,0.4155788357654853,0.41618078781781864,0.16800003329642163
5,0.49489389920424404,99.7,0.0,0.4163724766783494,0.41696423303284125,0.18450134813783642
5,0.5015262110152621,99.7,0.0,0.41472271283340667,0.4153483772768571,0.1352177475803172
5,0.5079575596816976,109.7,0.0,0.414186311250753,0.4147852760285595,0.17132967546026795
6,0.4950895819508958,109.6,0.0,0.4163946983840554,0.4170131983587802,0.14483943412731426
6,0.49496021220159153,99.7,0.0,0.41420783910957093,0.414809758691529,0.16871003052253591
6,0.4946949602122016,109.7,0.0,0.4127877472462166,0.41341424690226986,0.16797555063345218
6,0.4946949602122016,99.7,0.0,0.41485348005185835,0.4153973426027959,0.18222446048167681
6,0.4946286472148541,109.6,0.0,0.4147405480865961,0.4153483772768571,0.15972489321274477
6,0.4880636604774536,99.7,0.0,0.4142545315092395,0.4149566546693457,0.16408280722130833
6,0.5014588859416446,109.6,0.0,0.4163630440343274,0.41698871569581075,0.1358787794804926
6,0.4946949602122016,99.7,0.0,0.4138912529504832,0.41463838005074277,0.1345811983431113
6,0.5013925729442971,109.6,0.0,0.41506677794714536,0.41571561722139894,0.13600119279533987
6,0.4880636604774536,109.6,0.0,0.4153054839110976,0.41583803053624624,0.16420522053615563
7,0.5012599469496021,109.6,0.0,0.4148149214812003,0.4154218252657655,0.16244246880235466
7,0.5014588859416446,109.7,0.0,0.4144304397673788,0.4150056199952846,0.13543809154704234
7,0.4881962864721486,99.7,0.0,0.4149687174137664,0.4155932039065517,0.1332346518797911
7,0.5026595744680851,99.7,0.0,0.4145593648605474,0.4151525159731014,0.18337514564124133
7,0.5013262599469496,109.6,0.0,0.41594971239205986,0.4165480277623605,0.17404725104987778
7,0.49482758620689654,109.7,0.0,0.4157762394120673,0.4163766491215743,0.17057071290821474
7,0.49489389920424404,109.7,0.0,0.4147844642691772,0.4154218252657655,0.1509600998696788
7,0.5013262599469496,109.6,0.0,0.41624170224186463,0.41686630238096345,0.1359277448064315
7,0.4947612732095491,99.7,0.0,0.4138147527462975,0.4144425187469871,0.13193707074240982
7,0.5013925729442971,109.7,0.0,0.4128053299544367,0.4133897642393004,0.1922378696361852
8,0.49482758620689654,109.7,0.0,0.4150643101986232,0.41566665189546004,0.16792658530751325
8,0.4945623342175066,99.7,0.0,0.4124631084340565,0.41304700695772795,0.15798662414191325
8,0.49973562458691345,109.7,0.0,0.4136198333087649,0.41419769211729257,0.1645234951547586
8,0.4883289124668435,99.7,0.0,0.41518279459806023,0.4157890652103073,0.16092454369824824
8,0.5079575596816976,109.7,0.0,0.4152625743101504,0.4158625131992157,0.1358053314915842
8,0.4945623342175066,109.6,0.0,0.41370073302346283,0.4143201054321398,0.14280737310084923
8,0.5013262599469496,99.7,0.0,0.41616271805396915,0.4169152677069024,0.16547831901056745
8,0.5210875331564987,109.7,0.0,0.41317664493107753,0.4137814868468117,0.16354418863598028
8,0.4881299734748011,109.7,0.0,0.4147756323270981,0.41537285993982653,0.17617724272822066
8,0.4951559389515594,109.7,0.0,0.4140270932826261,0.4145894147248038,0.15377560611116647
9,0.49476127320954905,109.6,0.0,0.4140606184280013,0.414809758691529,0.16929761443380292
9,0.5013262599469496,109.7,0.0,0.414132491603708,0.41473631070262057,0.16645762552934576
9,0.4946286472148541,99.7,0.0,0.41516496836202554,0.41576458254733784,0.17049726491930636
9,0.4946286472148541,109.6,0.0,0.41634861095251047,0.4169397503698718,0.18668030514211817
9,0.5012599469496021,109.6,0.0,0.41470109658061743,0.41529941195091813,0.17402276838690833
9,0.5078912466843502,109.6,0.0,0.41607868472271586,0.41669492374017725,0.1491239001469694
9,0.4945623342175066,99.7,0.0,0.41484677491936073,0.41547079059170433,0.13570740083970637
9,0.4885202388852024,109.7,0.0,0.41587169216708414,0.4164745797734521,0.16817141193720783
9,0.5078912466843502,109.6,0.0,0.4151229841667742,0.41571561722139894,0.18183273787416548
9,0.4881299734748011,99.7,0.0,0.41634849730619694,0.4169397503698718,0.18342411096718025
10,0.49489389920424404,99.7,0.0,0.4165254770867209,0.4170866463476886,0.15607697643029553
10,0.4946949602122016,109.6,0.0,0.41298396572410045,0.4135611428800866,0.13103121221253985
10,0.4947612732095491,109.7,0.0,0.41520828384266384,0.41581354787327673,0.164866252436331
10,0.4946286472148541,109.6,0.0,0.41518475905576535,0.4157890652103073,0.16413177254724726
10,0.49489389920424404,109.7,0.0,0.4162871445320845,0.41689078504393295,0.16569866297729258
10,0.488262599469496,109.6,0.0,0.4150474905442224,0.41564216923249053,0.17975171152176153
10,0.5078912466843502,109.6,0.0,0.4150629302076734,0.41566665189546004,0.16795106797048273
10,0.4946286472148541,109.6,0.0,0.416202299441449,0.41681733705502455,0.1494911400915113
10,0.5014588859416446,109.7,0.0,0.41499285913779527,0.4154952732546738,0.1708889875268177
10,0.5012599469496021,109.7,0.0,0.41653370832685715,0.41713561167362756,0.17120726214542065
11,0.48922872340425533,99.7,0.0,0.4165137292444903,0.41706216368471916,0.1772055145729379
11,0.5011936339522547,99.7,0.0,0.41620791681637437,0.41681733705502455,0.15906386131256942
11,0.4946949602122016,109.6,0.0,0.41501180560177753,0.4156176865695211,0.16547831901056745
11,0.5013925729442971,109.6,0.0,0.41515901004815964,0.41566665189546004,0.16400935923239995
11,0.5013262599469496,109.7,0.0,0.4163221963022112,0.4169152677069024,0.18254273510027977
11,0.488262599469496,99.7,0.0,0.4135565807923582,0.41412424412838417,0.14613701526469555
11,0.488395225464191,99.7,0.0,0.4146586740352997,0.4152504466249792,0.18249376977434084
11,0.4946949602122016,109.7,0.0,0.4138572239971781,0.41446700140995657,0.1561504244192039
11,0.4946286472148541,109.6,0.0,0.4135065601792223,0.41412424412838417,0.14322357837133
11,0.4880636604774536,109.6,0.0,0.41472934580712073,0.4152749292879487,0.1821020471668295
12,0.49482758620689654,109.7,0.0,0.4135361731614878,0.41429562276917037,0.15384905410007485
12,0.5013925729442971,109.6,0.0,0.414037272228167,0.41463838005074277,0.16795106797048273
12,0.4945623342175066,109.5,0.0,0.4159561252911798,0.4164990624364216,0.18450134813783642
12,0.4947612732095491,109.6,0.0,0.41474642522452376,0.4153238946138876,0.1347525769838975
12,0.4958139534883721,109.6,0.0,0.416117458245101,0.41657251042533,0.171011400841665
12,0.5078249336870027,109.7,0.0,0.41626600631777,0.41686630238096345,0.1721131206752906
12,0.48786472148541116,109.6,0.0,0.4161519216541849,0.4167438890661162,0.18322824966342457
12,0.5145225464190981,109.6,0.0,0.41506325491142626,0.41566665189546004,0.16834279057799406
12,0.5011936339522547,109.6,0.0,0.415115434804519,0.41574009988436833,0.13565843551376747
12,0.5012599469496021,109.7,0.0,0.41468080259606055,0.4152749292879487,0.17867447435110537
13,0.4947612732095491,99.7,0.0,0.41414202165885594,0.41473631070262057,0.1801189514663034
13,0.5011936339522546,109.6,0.0,0.415387633960584,0.41598492651406294,0.1760303467504039
13,0.4946286472148541,109.6,0.0,0.4155893074615167,0.4161318224918797,0.18415859085626402
13,0.4881299734748011,109.7,0.0,0.41611937010295563,0.41671940640314664,0.17091347018978717
13,0.5011936339522547,109.7,0.0,0.41599632361579014,0.41657251042533,0.1721620860012295
13,0.488395225464191,99.7,0.0,0.4149412474762701,0.41554423858061273,0.1657965936291704
13,0.5011936339522546,109.6,0.0,0.41474481794094686,0.4153483772768571,0.1663841775404374
13,0.49489389920424404,109.5,0.0,0.4157736742524193,0.4163766491215743,0.16706969210358222
13,0.4881299734748011,99.7,0.0,0.41497245150692486,0.41556872124358213,0.17571207213180096
13,0.4946286472148541,99.7,0.0,0.41609435167879383,0.41671940640314664,0.1354136088840729
14,0.488395225464191,109.7,0.0,0.4154895422334349,0.41608285716594084,0.18124515396289848
14,0.4950895819508958,109.7,0.0,0.41478392761381067,0.4153973426027959,0.15436319002243348
14,0.5011936339522547,109.6,0.0,0.4154555132801299,0.4160583745029713,0.169248649107864
14,0.5012599469496021,99.7,0.0,0.4150528319209578,0.41566665189546004,0.15380008877413592
14,0.5013262599469496,109.6,0.0,0.4153062469649169,0.41591147852515464,0.16383798059161375
14,0.5014588859416446,109.6,0.0,0.415293648459304,0.41591147852515464,0.14513322608294774
14,0.4945623342175066,109.6,0.0,0.41511311317268573,0.41574009988436833,0.1347525769838975
14,0.4947612732095491,99.7,0.0,0.41483013385202416,0.4154218252657655,0.18366893759687483
14,0.49496021220159153,99.7,0.0,0.414721682798552,0.4153483772768571,0.13477705964686698
14,0.4947612732095491,109.7,0.0,0.41501055549232885,0.4156176865695211,0.16307901803956057
15,0.5011936339522547,109.6,0.0,0.4160730835829782,0.4166704410772078,0.17732792788778518
15,0.4945623342175066,99.7,0.0,0.41484659633229665,0.4154952732546738,0.13404257975778322
15,0.4945623342175066,109.6,0.0,0.4136707628670692,0.41429562276917037,0.1347525769838975
15,0.5013925729442971,109.6,0.0,0.41512955941777063,0.41574009988436833,0.15832938142348568
15,0.4946949602122016,99.7,0.0,0.41447847968762197,0.4151035506471625,0.1349239556246837
15,0.4946949602122016,99.7,0.0,0.41294240364372786,0.4135366602171171,0.17864999168813592
15,0.5012599469496021,109.6,0.0,0.41477902548131595,0.41537285993982653,0.18259170042621867
15,0.49482758620689654,109.6,0.0,0.4160439901267174,0.4166704410772078,0.13352844383542462
15,0.4880636604774536,109.6,0.0,0.4128297963822184,0.4134387295652393,0.15512215257448667
15,0.4879973474801061,99.7,0.0,0.41425958065259727,0.4150056199952846,0.1705462302452453
16,0.5013925729442971,99.7,0.0,0.41504302586761993,0.41566665189546004,0.13683360333630146
16,0.4946949602122016,109.6,0.0,0.4151388621802915,0.41574009988436833,0.17044829959336746
16,0.4881299734748011,99.7,0.0,0.4153451140041403,0.41593596118812404,0.1839382468895389
16,0.5013262599469496,109.6,0.0,0.41495087494254396,0.41556872124358213,0.1452311567348256
16,0.49482758620689654,109.6,0.0,0.41518706445241116,0.41581354787327673,0.1352177475803172
16,0.4947612732095491,109.6,0.0,0.4159864039161387,0.41657251042533,0.19260510958072705
16,0.4946949602122016,109.6,0.0,0.4141148439547374,0.4146138973877733,0.17563862414289255
16,0.5014588859416446,109.6,0.0,0.41455231732103376,0.4151525159731014,0.17108484883057334
16,0.4947612732095491,109.6,0.0,0.4135547299809666,0.4141487267913536,0.1776706851693576
16,0.4946286472148541,99.7,0.0,0.41656356483693724,0.4171845769995664,0.141779101256132
17,0.5011936339522547,99.7,0.0,0.41416239681935113,0.4147852760285595,0.13683360333630146
17,0.49482758620689654,99.7,0.0,0.4151286989528254,0.41571561722139894,0.18981408600220884
17,0.4880636604774536,109.6,0.0,0.41507380778339587,0.41566665189546004,0.18249376977434084
17,0.4946949602122016,99.7,0.0,0.4142497096585088,0.4148832066804374,0.15786421082706598
17,0.4946286472148541,109.6,0.0,0.4137678817595648,0.4143690707580788,0.16809796394829948
17,0.4881299734748011,109.6,0.0,0.4142611554657989,0.41503010265825413,0.1393308349591862
17,0.4944960212201592,109.6,0.0,0.41643829412906436,0.41703768102174965,0.17230898197904626
17,0.49482758620689654,109.6,0.0,0.4152430596146005,0.41583803053624624,0.18144101526665415
17,0.5014588859416446,109.6,0.0,0.41618827223932325,0.41679285439205505,0.16552728433650638
17,0.5013925729442971,99.7,0.0,0.4154820091063674,0.41610733982891024,0.13404257975778322
18,0.488262599469496,109.7,0.0,0.41627178604457177,0.41686630238096345,0.17887033565486105
18,0.488262599469496,99.7,0.0,0.4163728500876653,0.41696423303284125,0.18384031623766103
18,0.4946949602122016,109.7,0.0,0.41442553674070987,0.41503010265825413,0.16366660195082755
18,0.4946286472148541,109.6,0.0,0.4135709814037998,0.41417320945432307,0.1662617642255901
18,0.4946286472148541,109.6,0.0,0.41496712636537714,0.41571561722139894,0.13460568100608075
18,0.49482758620689654,99.7,0.0,0.41500172355024967,0.4156176865695211,0.14812011096522165
18,0.4881299734748011,99.7,0.0,0.4138126746422787,0.41439355342104817,0.1605817864166758
18,0.4946949602122016,99.7,0.0,0.41468057530343344,0.41529941195091813,0.1455249486904591
18,0.4946286472148541,99.7,0.0,0.4142824397968021,0.41490768934340677,0.13406706242075267
18,0.4947612732095491,99.7,0.0,0.4127895655872328,0.41341424690226986,0.13313672122791329
19,0.5011936339522547,109.6,0.0,0.41493449363820956,0.41554423858061273,0.1558076671376315
19,0.4947612732095491,99.7,0.0,0.41394020204123444,0.414540449398865,0.17037485160445906
19,0.5012599469496021,109.6,0.0,0.4149070886414639,0.4156176865695211,0.15529353121527287
19,0.4946949602122016,109.6,0.0,0.414868335248554,0.41547079059170433,0.16746141471109358
19,0.4946949602122016,109.7,0.0,0.41611907786957797,0.41671940640314664,0.13553602219892016
19,0.4881299734748011,99.7,0.0,0.4150163839246936,0.4156176865695211,0.16770624134078815
19,0.481631299734748,109.7,0.0,0.41292285647780264,0.4135121775541477,0.1842810041711113
19,0.4946949602122016,109.7,0.0,0.4141656276216926,0.41476079336559,0.17632413870603741
19,0.5078912466843502,109.7,0.0,0.4159836601694266,0.41659699308829945,0.15064182525107583
19,0.4881299734748011,109.7,0.0,0.41503901577627145,0.41564216923249053,0.16631072955152904
20,0.5012599469496021,109.6,0.0,0.4148484309085006,0.4154463079287349,0.17500207490568664
20,0.488262599469496,99.7,0.0,0.41396705504160014,0.41456493206183437,0.17551621082804528
20,0.5013262599469496,109.6,0.0,0.41451088512216244,0.41520148129904033,0.17997205548848666
20,0.49482758620689654,99.7,0.0,0.41535107231800616,0.4159604438510935,0.15810903745676055
20,0.49489389920424404,109.7,0.0,0.41609785847932523,0.41669492374017725,0.17431656034254184
20,0.488262599469496,99.7,0.0,0.416536922894011,0.41713561167362756,0.17431656034254184
20,0.49502322495023227,99.7,0.0,0.41440320352178067,0.4149811373323152,0.16621279889965118
20,0.4946949602122016,109.6,0.0,0.41592276198056827,0.4165480277623605,0.13624601942503445
20,0.4946949602122016,109.7,0.0,0.4139480923424302,0.414540449398865,0.18283652705591324
20,0.5013925729442971,99.7,0.0,0.4140135201486416,0.41463838005074277,0.1350953342654699
21,0.4880636604774536,109.7,0.0,0.4160728562903511,0.41659699308829945,0.14040807212984233
21,0.4879973474801061,99.7,0.0,0.4160241831977898,0.41662147575126884,0.17725447989887683
21,0.4947612732095491,99.7,0.0,0.41479871876393,0.4153973426027959,0.1739248377350305
21,0.49574750830564784,99.7,0.0,0.41441203335801385,0.41503010265825413,0.14466805548652806
21,0.4947612732095491,109.6,0.0,0.4145920123548271,0.41520148129904033,0.15553835784496745
21,0.5080901856763926,99.7,0.0,0.416359488528233,0.41696423303284125,0.16616383357371228
21,0.49489389920424404,109.7,0.0,0.41599598267684956,0.41671940640314664,0.17079105687493987
21,0.488262599469496,99.7,0.0,0.41590813407649957,0.41652354509939105,0.14829148960600785
21,0.5013262599469496,109.6,0.0,0.4129735589688196,0.41358562554305606,0.1504214812843507
21,0.5013925729442971,99.7,0.0,0.4160685702008127,0.41669492374017725,0.1332346518797911
22,0.5011273209549072,109.7,0.0,0.4137939067653605,0.4144180360840176,0.13673567268442363
22,0.4881299734748011,99.7,0.0,0.4159833029952984,0.41659699308829945,0.1508866518807704
22,0.4946286472148541,109.7,0.0,0.4141398948492744,0.41473631070262057,0.173631045779397
22,0.49489389920424404,99.7,0.0,0.4149851961292266,0.4155932039065517,0.1593821359311724
22,0.4947612732095491,99.7,0.0,0.4163117246061798,0.4169152677069024,0.16564969765135365
22,0.49476127320954905,109.7,0.0,0.41653815676827205,0.41713561167362756,0.17453690430926694
22,0.5078912466843502,109.7,0.0,0.41420939768758497,0.4148342413544984,0.1352911955692256
22,0.4945623342175066,99.7,0.0,0.41638848457336786,0.41716009433659695,0.1358053314915842
22,0.5013925729442971,109.7,0.0,0.4151894185546197,0.41581354787327673,0.13565843551376747
22,0.5021926910299004,109.6,0.0,0.41569181779553566,0.4163032011326659,0.15720317892689062
23,0.4880636604774536,99.7,0.0,0.4151636370766386,0.41576458254733784,0.17008105964882558
23,0.5013925729442971,109.6,0.0,0.41429482724497574,0.4150056199952846,0.18675375313102655
23,0.5015915119363396,99.7,0.0,0.4147774506681144,0.41537285993982653,0.17909067962158617
23,0.5013262599469496,99.7,0.0,0.416169277069778,0.41681733705502455,0.1358787794804926
23,0.49489389920424404,99.7,0.0,0.4137207834802051,0.4143201054321398,0.17125622747135957
23,0.4947612732095491,109.6,0.0,0.41411482771954977,0.4147118280396512,0.17541828017616745
23,0.49489389920424404,109.7,0.0,0.4141922046238683,0.4147852760285595,0.18195515118901276
23,0.5013925729442971,99.7,0.0,0.4144989035536801,0.4151035506471625,0.16538038835868962
23,0.4945623342175066,109.7,0.0,0.4160903740578206,0.41669492374017725,0.16564969765135365
23,0.4946286472148541,109.7,0.0,0.41644171975365757,0.41703768102174965,0.17879688766595267
24,0.4881962864721486,109.7,0.0,0.414480265558263,0.415079067984193,0.17441449099441966
24,0.5013262599469496,109.6,0.0,0.41448018438232476,0.4151035506471625,0.13590326214346204
24,0.5011936339522546,109.6,0.0,0.41403560000383954,0.41463838005074277,0.1685631345447192
24,0.4881962864721486,109.7,0.0,0.4137430256872795,0.4143690707580788,0.13218189737210442
24,0.4881299734748011,99.7,0.0,0.414306402933767,0.415079067984193,0.13467912899498913
24,0.4944960212201591,109.6,0.0,0.41391442056325334,0.414540449398865,0.13161879612380686
24,0.4881299734748011,109.6,0.0,0.4159007795364962,0.4164745797734521,0.17551621082804528
24,0.4946949602122016,99.7,0.0,0.41614417746967797,0.4167683717290856,0.13609912344721772
24,0.4881299734748011,109.6,0.0,0.4142594507710961,0.41485872401746793,0.17194174203450438
24,0.4946286472148541,99.7,0.0,0.4126531737758227,0.4132673509244531,0.1480956283022522
25,0.4944960212201591,99.7,0.0,0.4144120290645888,0.41503010265825413,0.1448639167902837
25,0.5079575596816976,99.7,0.0,0.41545684456551685,0.4160338918400019,0.16768175867781868
25,0.5014588859416446,109.7,0.0,0.4145492326353811,0.4151525159731014,0.16560073232541472
25,0.4879973474801061,99.7,0.0,0.41516457871752205,0.41571561722139894,0.17284760056437434
25,0.4946949602122016,109.7,0.0,0.41376961892464287,0.4143690707580788,0.1734596671386108
25,0.5011936339522547,109.6,0.0,0.4151390082969803,0.41588699586218514,0.13335706519463839
25,0.4944960212201592,99.7,0.0,0.41597572116266796,0.41657251042533,0.17833171706953296
25,0.49482758620689654,109.6,0.0,0.4163823314372503,0.4170131983587802,0.16420522053615563
25,0.4946286472148541,109.7,0.0,0.4142630712179411,0.41485872401746793,0.1764465520208847
25,0.5012599469496021,109.6,0.0,0.4150184944990875,0.4156176865695211,0.17091347018978717
26,0.49496021220159153,109.7,0.0,0.41304940976549953,0.413634590868995,0.1928744188733911
26,0.5013925729442971,109.7,0.0,0.4148169833500312,0.4154463079287349,0.13029673232345612
26,0.4946286472148541,109.7,0.0,0.4162417996529905,0.41686630238096345,0.13551153953595071
26,0.49496021220159153,99.7,0.0,0.4153000938287993,0.41591147852515464,0.15448560333728076
26,0.49489389920424404,99.7,0.0,0.41443045600256645,0.4151769986360709,0.134458785028264
26,0.4880636604774536,109.6,0.0,0.41309676780786153,0.413634590868995,0.18885926214639995
26,0.5013262599469496,99.7,0.0,0.41528460545978546,0.41591147852515464,0.1349239556246837
26,0.49482758620689654,109.7,0.0,0.4143886016888163,0.41503010265825413,0.1442763328790167
26,0.4945623342175066,109.6,0.0,0.415151071041401,0.41576458254733784,0.15512215257448667
26,0.49482758620689654,99.7,0.0,0.41588009590743574,0.4164990624364216,0.1425870291341241
27,0.4946286472148541,109.7,0.0,0.4145871742689088,0.41520148129904033,0.1482670069430384
27,0.49482758620689654,99.7,0.0,0.41379260795034895,0.41439355342104817,0.16934657975974182
27,0.5012599469496021,109.6,0.0,0.41588949608108255,0.41645009711048264,0.1589659306606916
27,0.5012599469496021,109.6,0.0,0.41523736106373693,0.41583803053624624,0.16934657975974182
27,0.4946949602122016,109.6,0.0,0.41592597654772206,0.4165480277623605,0.1382046324625911
27,0.4947612732095491,109.6,0.0,0.41385930210119676,0.41446700140995657,0.15970041054977532
27,0.4947612732095491,109.7,0.0,0.4161253608871968,0.41671940640314664,0.1799965381514561
27,0.5013925729442971,109.7,0.0,0.41272457613108776,0.4133407989133615,0.18077998336647877
27,0.4947612732095491,109.7,0.0,0.4146202128757674,0.4152259639620097,0.16307901803956057
27,0.5013262599469496,99.7,0.0,0.4157924421293375,0.41669492374017725,0.0
28,0.49496021220159153,109.7,0.0,0.4147766713791074,0.4153973426027959,0.1401877281631172
28,0.4947612732095491,109.6,0.0,0.41507086921443204,0.41571561722139894,0.1413139306597123
28,0.5080238726790451,109.7,0.0,0.41452234716464015,0.4151280333101319,0.16236902081344626
28,0.4946949602122016,109.6,0.0,0.41617562502814737,0.4167683717290856,0.18200411651495169
28,0.5013925729442971,109.7,0.0,0.41443069953038114,0.4151525159731014,0.13357740916136351
28,0.4946949602122016,109.6,0.0,0.4145742835299182,0.4153238946138876,0.13237775867586007
28,0.5028590425531915,99.7,0.0,0.4145281755106475,0.4151525159731014,0.13595222746940094
28,0.49489389920424404,109.7,0.0,0.4163700414002026,0.41698871569581075,0.14386012760853592
28,0.5015251989389921,109.7,0.0,0.4147410513774131,0.4153483772768571,0.16320143135440784
28,0.4947612732095491,109.7,0.0,0.41311636367934973,0.4137080388579034,0.18122067129992903
29,0.4880636604774536,109.6,0.0,0.41624464081082846,0.416841819717994,0.17725447989887683
29,0.4947612732095491,109.7,0.0,0.4138933797600647,0.414491484072926,0.1726517392606187
29,0.4946949602122016,99.7,0.0,0.41592014811535727,0.41662147575126884,0.1664331428663763
29,0.4947612732095491,109.6,0.0,0.4129311526586895,0.4135366602171171,0.16168350625030142
29,0.4947612732095491,109.6,0.0,0.41430773421915384,0.41490768934340677,0.1686120998706581
29,0.5012599469496021,99.7,0.0,0.4127610078921644,0.4133652815763309,0.16520900971790342
29,0.49482758620689654,99.7,0.0,0.4140932511551688,0.4147118280396512,0.14219530652661277
29,0.5011936339522546,109.6,0.0,0.4132525281981328,0.41385493483572006,0.16523349238087287
29,0.4946286472148541,109.6,0.0,0.41501294206491274,0.4156176865695211,0.16506211374008667
29,0.5015251989389921,99.7,0.0,0.4162688637107956,0.41686630238096345,0.17730344522481573
30,0.5012599469496021,109.6,0.0,0.4125640101252735,0.4131694202725753,0.15847627740130243
30,0.4880636604774536,109.6,0.0,0.4161682542529563,0.4167683717290856,0.1723334646420157
30,0.4947612732095491,109.7,0.0,0.4149448679231151,0.41554423858061273,0.17084002220087877
30,0.5013262599469496,109.6,0.0,0.4162129984301074,0.41681733705502455,0.16817141193720783
30,0.4946286472148541,109.6,0.0,0.4153416072036089,0.41593596118812404,0.18043722608490637
30,0.4947612732095491,109.7,0.0,0.41614787909246115,0.41671940640314664,0.1770341359321517
30,0.49482758620689654,109.7,0.0,0.41523654930435466,0.4157890652103073,0.16888140916332212
30,0.4946286472148541,109.6,0.0,0.4158451090780596,0.41645009711048264,0.1657965936291704
30,0.5021926910299004,109.7,0.0,0.4153839544090259,0.41600940917703244,0.13629498475097337
30,0.4947612732095491,99.7,0.0,0.41577627188244265,0.41635216645860484,0.13693153398817928
31,0.4945623342175066,109.7,0.0,0.41492043396570855,0.41554423858061273,0.1363439500769123
31,0.49561461794019934,109.6,0.0,0.41310439887464245,0.4137080388579034,0.16506211374008667
31,0.4947612732095491,99.7,0.0,0.41337606174092756,0.4139773481505674,0.16807348128533003
31,0.5014588859416446,109.7,0.0,0.4156621872188575,0.4161563051548492,0.18320376700045513
31,0.4879973474801061,99.7,0.0,0.4161243705407504,0.4167438890661162,0.17847861304734972
31,0.5013262599469496,109.7,0.0,0.41490491312631944,0.4155197559176433,0.14968700139526697
31,0.4946286472148541,99.7,0.0,0.4151666568215407,0.41576458254733784,0.17419414702769456
31,0.48846153846153845,99.7,0.0,0.4152134628675227,0.4157890652103073,0.13602567545830932
31,0.5009277667329357,109.6,0.0,0.41651071157625724,0.41713561167362756,0.17292104855328272
31,0.49489389920424404,109.7,0.0,0.41505950458308016,0.41566665189546004,0.16038592511292016
32,0.5013925729442971,109.7,0.0,0.4149734905589342,0.4155932039065517,0.1800699861403645
32,0.4881299734748011,99.7,0.0,0.41549550054730083,0.41608285716594084,0.19054856589129257
32,0.49482758620689654,109.7,0.0,0.4161176167026899,0.41671940640314664,0.168661065196597
32,0.49482758620689654,99.7,0.0,0.41465148184717276,0.4152749292879487,0.13617257143612607
32,0.4881299734748011,99.7,0.0,0.4161663872063771,0.4167438890661162,0.135633952850798
32,0.49489389920424404,109.7,0.0,0.4144143831667974,0.4149566546693457,0.18396272955250834
32,0.49482758620689654,109.6,0.0,0.41428258591349093,0.41490768934340677,0.13308775590197436
32,0.4880636604774536,109.6,0.0,0.4127020092202605,0.41331631625039206,0.14692046047971818
32,0.5013262599469496,109.6,0.0,0.4127137472609282,0.4133652815763309,0.13088431623472313
32,0.4880636604774536,99.7,0.0,0.41507697364498675,0.4156911345584295,0.18371790292281376
33,0.4881962864721485,109.7,0.0,0.41619447408100385,0.41679285439205505,0.17524690153538125
33,0.4946949602122016,109.6,0.0,0.41612227620154413,0.4167438890661162,0.14045703745578125
33,0.4881299734748011,99.7,0.0,0.4158260489677638,0.41657251042533,0.17199070736044333
33,0.5014588859416446,99.7,0.0,0.41631451705845485,0.4169397503698718,0.17110933149354282
33,0.49482758620689654,109.7,0.0,0.415187941152544,0.41593596118812404,0.13338154785760786
33,0.4946286472148541,99.7,0.0,0.4157771810529508,0.4164990624364216,0.1365642940436374
33,0.4946949602122016,109.6,0.0,0.41482865644994843,0.4154218252657655,0.18195515118901276
33,0.48143236074270557,99.6,0.0,0.4138447391378788,0.41439355342104817,0.17549172816507583
33,0.4883289124668435,109.7,0.0,0.41641399005315904,0.41703768102174965,0.136221536762065
33,0.49496021220159153,109.7,0.0,0.4139880471392258,0.4146138973877733,0.1339936144318443
34,0.48149867374005306,99.7,0.0,0.4145668965195395,0.4151525159731014,0.19147890708413198
34,0.5079575596816976,99.7,0.0,0.4149926967859188,0.4155932039065517,0.17394932039799998
34,0.4946949602122016,109.6,0.0,0.41308433165412506,0.41368355619493385,0.1703014036155507
34,0.49574750830564784,109.7,0.0,0.4163368098912672,0.4169397503698718,0.16912623579301672
34,0.5012599469496021,99.7,0.0,0.41276146247741846,0.4133652815763309,0.16354418863598028
34,0.4883289124668435,109.7,0.0,0.4161115772128858,0.41671940640314664,0.15933317060523344
34,0.5012599469496021,109.6,0.0,0.4131073531502064,0.4137325215208728,0.13120259085332608
34,0.4879973474801061,99.7,0.0,0.4148535936981719,0.4154218252657655,0.18479514009346992
34,0.5079575596816976,109.6,0.0,0.41540721359688443,0.41600940917703244,0.169836233019131
34,0.5013925729442971,99.7,0.0,0.4151841908241978,0.4157890652103073,0.16278522608392704
35,0.4880636604774536,109.7,0.0,0.41606402434827194,0.4166704410772078,0.16175695423920983
35,0.49561461794019934,109.6,0.0,0.41634587091669845,0.41696423303284125,0.14638184189439013
35,0.5012599469496021,109.6,0.0,0.4163652357846595,0.4170131983587802,0.13605015812127877
35,0.4947612732095491,109.7,0.0,0.41543129038016274,0.4160338918400019,0.1678531373186049
35,0.49489389920424404,99.7,0.0,0.4150911631989889,0.4156911345584295,0.1721131206752906
35,0.4947612732095491,99.7,0.0,0.41461013082423953,0.4152259639620097,0.14772838835771032
35,0.4956810631229236,109.7,0.0,0.4148002909773441,0.4153973426027959,0.17595689876149553
35,0.4944960212201591,109.6,0.0,0.4146578135703545,0.4152504466249792,0.18102480999617335
35,0.4946949602122016,109.7,0.0,0.41581856454625926,0.41642561444751325,0.16016558114619503
35,0.488395225464191,109.7,0.0,0.4144781225134938,0.4151035506471625,0.1349239556246837
36,0.5013925729442971,109.7,0.0,0.4141376543933793,0.41473631070262057,0.17343518447564132
36,0.5080238726790451,109.7,0.0,0.41614880449815694,0.4167683717290856,0.14322357837133
36,0.5012599469496021,109.6,0.0,0.41522510349706454,0.41583803053624624,0.15556284050793692
36,0.4945623342175066,109.6,0.0,0.4157044636474865,0.4163032011326659,0.17473276561302262
36,0.4946949602122016,99.7,0.0,0.4161810962863839,0.4167683717290856,0.191748216376796
36,0.5011273209549072,109.7,0.0,0.4157024180138431,0.41642561444751325,0.13426292372450835
36,0.49476127320954905,109.6,0.0,0.41619048022484306,0.4167683717290856,0.13318568655385218
36,0.4881299734748011,109.7,0.0,0.4144545165506571,0.4151280333101319,0.17174588073074873
36,0.5012599469496021,109.6,0.0,0.4148005695753216,0.4153973426027959,0.17495310957974775
36,0.5079575596816976,109.7,0.0,0.41342908586377786,0.41400183081353686,0.21175055202284332
37,0.5029940119760479,109.7,0.0,0.41467330408893743,0.4152749292879487,0.17098691817869552
37,0.488262599469496,109.6,0.0,0.41379015643701444,0.4143445880951092,0.16606590292183443
37,0.5080238726790451,109.6,0.0,0.4153844031582425,0.41600940917703244,0.13631946741394282
37,0.4881962864721486,99.7,0.0,0.4151996467228363,0.4157890652103073,0.1870230624236906
37,0.4947612732095491,109.7,0.0,0.41483443617675014,0.4154463079287349,0.15402043274086105
37,0.488262599469496,109.7,0.0,0.41382637714065157,0.4144180360840176,0.1822734258076157
37,0.5013925729442971,109.7,0.0,0.4144330211622145,0.4150056199952846,0.1766179306616709
37,0.4946949602122016,109.6,0.0,0.41643746613449445,0.41703768102174965,0.1728231179014049
37,0.49489389920424404,99.7,0.0,0.4127493997329978,0.4133407989133615,0.1812941192888374
37,0.5013925729442971,109.7,0.0,0.4138666891115754,0.4146138973877733,0.13455671568014185
38,0.4881299734748011,99.7,0.0,0.41467762049928203,0.4152749292879487,0.1754427628391369
38,0.5142478462557986,109.7,0.0,0.41587966242039437,0.4164990624364216,0.1428808210897576
38,0.4946949602122016,109.7,0.0,0.4143564884876534,0.4149811373323152,0.1354136088840729
38,0.49482758620689654,99.7,0.0,0.4131405703441292,0.41375700418384226,0.18126963662586792
38,0.5023920265780731,99.7,0.0,0.4158985946254391,0.41652354509939105,0.13671119002145415
38,0.49449966865473827,109.5,0.0,0.41453426789151476,0.4151525159731014,0.1804861914108453
38,0.5156810631229236,109.6,0.0,0.41395447597506235,0.41456493206183437,0.15818248544566893
38,0.4946286472148541,99.7,0.0,0.4153673886815899,0.4159604438510935,0.18278756172997435
38,0.4947612732095491,109.6,0.0,0.41661602072821996,0.41720905966253585,0.18418307351923346
38,0.5013925729442971,99.7,0.0,0.41595446930203994,0.41669492374017725,0.1463328765684512
39,0.49482758620689654,109.6,0.0,0.41563374317010254,0.41635216645860484,0.17774413315826598
39,0.4956810631229236,99.7,0.0,0.41510873999565895,0.4156176865695211,0.16518452705493394
39,0.49482758620689654,109.7,0.0,0.41408927353419567,0.4146873453766817,0.17377794175721376
39,0.5013262599469496,99.7,0.0,0.41477512903628105,0.4155197559176433,0.13947773093700291
39,0.4946286472148541,109.7,0.0,0.41291920356058237,0.413634590868995,0.17943343690315858
39,0.49482758620689654,109.7,0.0,0.41467982848480184,0.4151769986360709,0.17745034120263248
39,0.4946286472148541,109.7,0.0,0.4128869442427307,0.4135121775541477,0.1333080998686995
39,0.5013262599469496,109.6,0.0,0.4161971366517777,0.41679285439205505,0.17806240777686894
39,0.4881299734748011,99.7,0.0,0.41516545541765487,0.41576458254733784,0.17370449376830538
39,0.49489389920424404,109.7,0.0,0.41581736314237344,0.41642561444751325,0.15928420527929454
40,0.4881299734748011,99.7,0.0,0.4163831107262572,0.4170131983587802,0.16347074064707187
40,0.48156498673740056,99.7,0.0,0.41607439863317747,0.4166704410772078,0.1767403439765182
40,0.4945623342175066,99.6,0.0,0.4152116445265064,0.41583803053624624,0.13519326491734776
40,0.5011936339522546,109.6,0.0,0.41513658925402114,0.41576458254733784,0.13252465465367683
40,0.4881299734748011,109.7,0.0,0.41440787285655156,0.4150545853212235,0.13906152566652213
40,0.4946949602122016,109.6,0.0,0.41521341416195984,0.41581354787327673,0.1724803606198325
40,0.4881962864721485,99.7,0.0,0.4148467099786102,0.4154463079287349,0.1723579473049852
40,0.49476127320954905,109.6,0.0,0.41420809887257326,0.414809758691529,0.16729003607030735
40,0.4946949602122016,109.7,0.0,0.41652757142592717,0.41713561167362756,0.16112040500200392
40,0.49476127320954905,99.7,0.0,0.41644605454875894,0.41706216368471916,0.14838942025788568
41,0.5012599469496021,99.7,0.0,0.4131062004518836,0.41383045217275066,0.16871003052253591
41,0.5013925729442971,109.6,0.0,0.41622254472044296,0.41681733705502455,0.1789682663067389
41,0.4881299734748011,109.7,0.0,0.41493332470469907,0.41554423858061273,0.15490180860776154
41,0.4947612732095491,109.7,0.0,0.412895678773684,0.41348769489117826,0.180951362007265
41,0.4881962864721486,99.7,0.0,0.4145989447799518,0.41520148129904033,0.16888140916332212
41,0.49482758620689654,99.7,0.0,0.41435764118597623,0.4149566546693457,0.1755651761539842
41,0.4880636604774536,109.6,0.0,0.41492428170518053,0.4155197559176433,0.17847861304734972
41,0.488262599469496,99.7,0.0,0.41487487802917516,0.41547079059170433,0.1790661969586167
41,0.4946949602122016,109.6,0.0,0.41468422822065376,0.4152749292879487,0.18589685992709554
41,0.4880636604774536,109.7,0.0,0.414285427071329,0.4150056199952846,0.17323932317188567
42,0.5012599469496021,109.6,0.0,0.41423701374177,0.41485872401746793,0.174806213601931
42,0.4947612732095491,99.7,0.0,0.41468197152957104,0.4152749292879487,0.18249376977434084
42,0.4947612732095491,99.7,0.0,0.4148695853580028,0.4154463079287349,0.13443430236529455
42,0.4947612732095491,109.7,0.0,0.41358515472261437,0.41419769211729257,0.15321250486286891
42,0.4881962864721485,99.7,0.0,0.41531684854244943,0.41591147852515464,0.17904171429564725
42,0.5222591362126245,99.7,0.0,0.4148388450711897,0.41574009988436833,0.0
42,0.5014588859416446,99.7,0.0,0.41502208247555716,0.4156176865695211,0.17725447989887683
42,0.5012591119946985,99.7,0.0,0.41276525352821997,0.4135121775541477,0.13350396117245517
42,0.4945623342175066,109.7,0.0,0.41470075564167685,0.41529941195091813,0.1760793120763428
42,0.4947612732095491,99.7,0.0,0.4145766376321268,0.4151769986360709,0.17125622747135957
